    /*       A,  R,  N,  D,  C,  Q,  E,  G,  H,  I,  L,  K,  M,  
             F,  P,  S,  T,  W,  Y,  V,  B,  J,  Z,  X,  *        */
    /*A*/    4, -3,  0, -1,  0, -3, -2,  1, -2,  0, -2, -3,  0,
            -2,  1,  2,  2, -2, -3,  2, -1, -1, -2, -1, -6,
    /*R*/   -3,  4, -1, -4,  1,  1, -3,  0,  1, -4, -3,  2, -2,
            -3, -1, -1, -2,  2, -2, -4, -2, -3, -1, -1, -6,
    /*N*/    0, -1,  5,  1,  1, -2, -2,  1,  1, -1, -4,  0, -2,
            -2,  0,  2,  1, -3,  0, -2,  3, -3, -2,  0, -6,
    /*D*/   -1, -4,  1,  5, -2, -2,  2,  1, -1, -4, -6, -3, -4,
            -4, -1, -1, -2, -4, -2, -3,  3, -5,  0, -2, -6,
    /*C*/    0,  1,  1, -2,  8, -2, -3,  1,  2, -1, -1, -2, -1,
             3,  0,  2,  0,  3,  5, -1, -1, -1, -3,  1, -6,
    /*Q*/   -3,  1, -2, -2, -2,  4, -1, -2,  2, -4, -2,  0, -3,
            -3,  0, -2, -2, -1, -1, -3, -2, -3,  2, -1, -6,
    /*E*/   -2, -3, -2,  2, -3, -1,  4,  0, -2, -5, -6, -2, -4,
            -5, -1, -3, -3, -4, -4, -3,  0, -5,  1, -2, -6,
    /*G*/    1,  0,  1,  1,  1, -2,  0,  5, -1, -2, -3, -2, -2,
            -2,  0,  2,  1, -1, -2,  0,  1, -3, -1,  0, -6,
    /*H*/   -2,  1,  1, -1,  2,  2, -2, -1,  5, -3, -2, -1, -2,
             0,  1,  0, -1,  0,  4, -3,  0, -2,  0,  0, -6,
    /*I*/    0, -4, -1, -4, -1, -4, -5, -2, -3,  5,  1, -4,  3,
             1, -1, -1,  1, -2, -2,  3, -3,  3, -4, -1, -6,
    /*L*/   -2, -3, -4, -6, -1, -2, -6, -3, -2,  1,  4, -5,  2,
             2,  0, -2, -2,  0, -1,  1, -5,  3, -4, -1, -6,
    /*K*/   -3,  2,  0, -3, -2,  0, -2, -2, -1, -4, -5,  4, -2,
            -4, -1, -2, -1, -2, -4, -4, -1, -4, -1, -2, -6,
    /*M*/    0, -2, -2, -4, -1, -3, -4, -2, -2,  3,  2, -2,  5,
             0, -1, -1,  1, -1, -2,  3, -3,  3, -3, -1, -6,
    /*F*/   -2, -3, -2, -4,  3, -3, -5, -2,  0,  1,  2, -4,  0,
             8, -1,  0, -1,  1,  6,  1, -3,  2, -4,  0, -6,
    /*P*/    1, -1,  0, -1,  0,  0, -1,  0,  1, -1,  0, -1, -1,
            -1,  8,  1,  1, -1, -1,  0, -1, -1, -1,  0, -6,
    /*S*/    2, -1,  2, -1,  2, -2, -3,  2,  0, -1, -2, -2, -1,
             0,  1,  3,  2, -1,  0,  0,  1, -2, -2,  0, -6,
    /*T*/    2, -2,  1, -2,  0, -2, -3,  1, -1,  1, -2, -1,  1,
            -1,  1,  2,  3, -2, -2,  1,  0,  0, -3,  0, -6,
    /*W*/   -2,  2, -3, -4,  3, -1, -4, -1,  0, -2,  0, -2, -1,
             1, -1, -1, -2, 13,  1, -2, -3, -1, -2,  0, -6,
    /*Y*/   -3, -2,  0, -2,  5, -1, -4, -2,  4, -2, -1, -4, -2,
             6, -1,  0, -2,  1, 10, -2, -1, -1, -3,  0, -6,
    /*V*/    2, -4, -2, -3, -1, -3, -3,  0, -3,  3,  1, -4,  3,
             1,  0,  0,  1, -2, -2,  4, -2,  2, -3, -1, -6,
    /*B*/   -1, -2,  3,  3, -1, -2,  0,  1,  0, -3, -5, -1, -3,
            -3, -1,  1,  0, -3, -1, -2,  3, -4, -1, -1, -6,
    /*J*/   -1, -3, -3, -5, -1, -3, -5, -3, -2,  3,  3, -4,  3,
             2, -1, -2,  0, -1, -1,  2, -4,  3, -4, -1, -6,
    /*Z*/   -2, -1, -2,  0, -3,  2,  1, -1,  0, -4, -4, -1, -3,
            -4, -1, -2, -3, -2, -3, -3, -1, -4,  2, -2, -6,
    /*X*/   -1, -1,  0, -2,  1, -1, -2,  0,  0, -1, -1, -2, -1,
             0,  0,  0,  0,  0,  0, -1, -1, -1, -2,  0, -6,
    /***/   -6, -6, -6, -6, -6, -6, -6, -6, -6, -6, -6, -6, -6,
            -6, -6, -6, -6, -6, -6, -6, -6, -6, -6, -6,  1
